1 2
1 3
1 4
1 5
1 6
1 7
1 8
1 9
1 10
2 3
2 4
2 5
2 6
2 7
2 8
2 9
2 10
3 4
3 5
3 6
3 7
3 8
3 9
3 10
4 5
4 6
4 7
4 8
4 9
4 10
5 6
5 7
5 8
5 9
5 10
6 7
6 8
6 9
6 10
7 8
7 9
7 10
8 9
8 10
9 10

11 1
11 2
11 3
11 12
11 13

12 1
12 2
12 4
12 13
12 14

13 2
13 3
13 5
13 14
13 15

14 3
14 4
14 6
14 15
14 16

15 4
15 5
15 7
15 16
15 17

16 5
16 6
16 8
16 17
16 18

17 6
17 7
17 9
17 18

18 7
18 8
18 10

19 11
19 12
19 20
19 21

20 12
20 13
20 21
20 22

21 13
21 14
21 22
21 23

22 14
22 15
22 23
22 24

23 15
23 16
23 24
23 25

24 16
24 17
24 25
24 26

25 17
25 18
25 26

26 18
26 25

27 19
27 20
27 28

28 20
28 21
28 29

29 21
29 22
29 30

30 22
30 23
30 31

31 23
31 24
31 32

32 24
32 25
32 33

33 25
33 26
33 34

34 26

35 27
35 28

36 28
36 29

37 29
37 30

38 30
38 31

39 31
39 32

40 32
40 33

41 33
41 34

42 34

43 35
44 36
45 37
46 38
47 39
48 40
49 41
50 42